00000000001000001000001010110011 
00000000010100101000001010110011 
00000000010100101000001100110011 
01000000010100110000001110110011 
00000000000000000000010000110011 
00000000010101000000010000110011 
00000000000000000000010100110011 
00000000101000000000000001100011 
00000000010100000000010110110011
00000000010100000000011000110011 
00000000010100000000010100110011 
00000000101000000000000001100011 
00000000010100000000010110110011 
00000000010100000000011000110011 
00000000000001110011011010000011 
00000000111101110011000000100011 
00000000000010001011100000000011 
00000001000010011000100100110011 
00000000000000000000000000110011 